4582288809095
4582288809408
4549660217466
4549660217480
4549660217473
4549660462064
4549660462224
4548514511293
4548514515406
4548514527324
4548514527331
4548514527348
4548514135246
4548514135451
4548514135253
4548514135475
4515061046844
4515061046851
4515061048794
4515061048800
4515061083818
4515061088899
4515061012610
4515061012627
4515061012634
4515061012641
4515061013068
4515061013358
4515061013365
4515061013372
4515061013426
4515061013433
4515061083665
4515061083672
4515061089230
4515061012672
4515061012689
4515061012818
4515061012887
4515061013136
4515061013181
4515061013303
4515061013594
4515061013600
4515061013617
4515061013761
4515061013778
4515061013785
