4902407013163
4902407395399
4902650053800
039278220100
039278110104
4976552039132
4976552039125
4976558005537
4976558007227
4987234322459
4987234322466
4987234322503
4987234322725
4987234322671
4987234322473
4987234322497
4987234322541
4987234322701
4987234322770
346581900026
346581110609
346581110203
346581830064
346581210064
355328902032
355328901035
346581675092
346581700039
346581670202
346581840070
346581870060
812502030023
812502030047
4977449011200
4977449011217
4977449011262
4977449011286
4977449011293
4977605012294
4977605012270
4977605012355
4977605012713
4977605023597
4977605023580
4977605021418
033859001829
033859001836