3401575390447
3401528546112
3701129801321
4973007309994
047998317413
047998317420
047998317437
047998317383
047998317390
047998317406
4991437151112
8809691970089
8809751116235
8809644495041
8809828411317
8809828419740
8809828411300
8809828419726
8809828419757
8809828419719
8809828419733
8809786597092
8809644495034
8809828415285
8809786599652
8809751118710
8809828415278
8809644495102
8809691972069
8809691972076
8809786599669
8809828411287
8809828411294
8809828411324
8809862283918
8809862286001
8809862286018
8809862286025
8809900987044
8809900987051
8809900987068
8809937596158
8809937596165
4562367271012
4969133233852
4969133209604
4969133202254
4936201100736