4901105240512
4901105240574
4901105127639
4901105127646
4901105258326
4901105377416
4901105377461
4901105181020
4901105234115
4901105234238
4901105180719
4901105180726
4901105055369
4901105102414
4901105101226
4901105711159
4901105711142
4901105429023
4901105340014
4901105130028
4901105262453
4901105262460
4901105262484
4956962108017
4956962132111
4956962132388
0843074111360
0843074111377
0843074111438
4580168652526
4580168652533
4580168652830
4580168652847
0843074180243
0843074180076
4989082767086
4989082767109
4989082773162
4989082770253
4901670111514
4901670111521
4901670052411
4560251184356
4560251184172
4560251183007
4560251186831
4560251182710
4582207050386
