4902011890488
4902011890495
4902011890501
4902011890402
4902011890327
4902011111194
4902011111217
4902011114409
4901872815418
4901872888580
4901872834211
4901872835317
4901872835539
4901872835676
4901872445479
4901872461998
4550516474605
4550516474568
4550516474636
4550516474582
4901872441587
4901872443758
4901872461998
4901872471805
49325256
49325263
4901872895885
4901872831135
4901872831142
4901872831302
4901872459957
4901872466023
4901872466030
4901872466061
4901872466078
4901872466146
4901872466153
4901872466238
4901872466245
4901872466290
4901872466344
4901872466047
4901872466108
4901872466177
4901872466269
4550516474087
4550516474155
4550516474216
4550516474414