4973227408361
4973227345246
4973227345048
4973227345147
4973227345031
4973227345024
4973227340616
4973227310152
4973227209326
4973227110103
4973227112473
4973227112480
4550084615981
4549813067962
4901080081612
4901080585912
4901080579812
4901080579911
4901080580115
4901080580016
4901080555311
4901080952615
4901080952516
810059821071
4901080505118
4901080505316
4901080505613
4901080505811
4901080547217
4901080547118
4901080552815
4901080553911
4901080646910
4901080623119
4901080649218
4901080655417
4901080624819
4901080687715
4901080694911
4901080694812
4901080698216
4901080698315
4901080083210
4901080083319
4901080952110
4901080952714
4991203101402
4991203101396