4991203104229
4970061030512
4970061030529
4970061030536
4902011106473
4902011106480
4902011892031
4902011892079
4902011892123
4902011892055
4902011892093
4902011892147
4902011890051
4902011890068
4902011890082
4902011890099
4902011890105
4902011890112
4902011103014
4902011103052
4902011103021
4902011103069
4902011103038
4902011103076
4902011103045
4902011103083
4902011889956
4902011889963
4902011889970
4902011889987
4902011889901
4902011889918
4902011889925
4902011713619
4902011714425
4902011716283
4902011825923
4902011825930
4902011717082
4902011843408
4902011843415
4902011843514
4902011107494
4902011107500
4902011107517
4902011107524
4902011107531
4902011113228