4901872449675
4901872449699
4901872449682
4901872449651
4901872883172
4901872471430
4901872471416
4533688747227
4533688747265
4582308960065
4560279563638
4589706100048
4589706100161
4901525011808
4901525010467
4901525010474
4901525010955
4901525010962
4901525011075
4901525011068
4901525011280
4901525602204
4901525383035
4901525010566
4901525011471
4901525011457
4901525002264
4901525958103
4901525958301
4901525369015
4901525956406
4901525005180
4901525944700
4901525011693
4901525011679
4901525011655
4901525011686
4901525011662
4901525011648
4901525005203
4901525006644
4901525010917
4901525011259
4902407395184
4902407395030
4902407395047
4902407013149
4902407013156