4936201100842
4936201107391
4936201107292
4973202201024
4973202201048
4901933022557
4973202301045
4973202201062
4973202604962
4973202604924
4973202520712
4973202520057
4973202702019
4973202392104
4973202520729
4973202250114
4973202250121
4973202213119
4973202213164
4973202361018
4904681506171
4904681206484
4904681210160
4904681210184
4904681501169
4904681631545
4904681810797
4904681500315
4904681500421
4904681502029
4904681502005
4904681502081
4904681401001
4904681401100
4904681500889
4973227206011
4973227211077
4973227212135
4973227312439
4973227308326
4973227306025
4973227306032
4973227306049
4973227217314
4973227218687
4973227218670
4973227218694
4973227032368