4515061044734
4515061042150
4515061189411
4515061189565
4515061089414
4515061089681
4515061089698
4515061012573
4515061012580
4515061012597
4515061012771
4515061013150
4515061189398
4515061189862
4515061189879
4515061189510
4515061189367
4515061189633
4515061189909
4515061189916
4515061190202
4515061190240
4515061190264
4515061190257
4515061190233
4515061190219
4515061190271
4515061106463
4515061190325
4515061190417
4515061190424
4515061046592
4515061080572
4515061083559
4515061012658
4515061013624
4515061013631
4515061013860
4515061517962
4515061517979
4515061517986
4515061517993
4515061518006
3401321549020
3701129800232
3701129801338
3401575645851
3401345935571
